POS_RATE=0.2
THRESHOLD=32.0
SUBSAMPLE_N=200000
AUC=0.9235801267354036
ACC=0.8381355384714775
F1=0.6963067114338009
OOB=0.83585
CM=[[202024, 39754], [10356, 57446]]
