SUBSAMPLE_N=200000
EVAL_N=200000
RMSE=6.103596869741666
R2=0.7343112662243896
MAE=4.886194594387639
OOB=0.7330758336876442
